3 3 5
896 648 64 8
896 648 64 8
9
96
3 568 24 0 8 8
1 672 24 3 16 16
1 720 24 3 16 16
1 752 24 3 16 16
3 424 32 0 8 8
1 704 32 3 16 16
1 768 32 3 16 16
3 568 40 0 8 8
1 736 40 3 16 16
3 424 48 0 8 8
3 568 56 0 8 8
1 688 56 3 16 16
1 784 56 3 16 16
3 424 64 0 8 8
1 712 64 3 16 16
1 760 64 3 16 16
3 568 72 0 8 8
1 736 72 3 16 16
1 776 72 3 16 16
3 424 80 0 8 8
3 904 128 0 8 8
3 920 128 0 8 8
3 936 128 0 8 8
3 560 232 0 8 8
3 528 240 0 8 8
3 592 240 0 8 8
0 200 248 2 16 16
3 544 248 0 8 8
3 560 248 0 8 8
3 576 248 0 8 8
3 512 256 0 8 8
3 608 256 0 8 8
3 560 264 0 8 8
3 496 272 0 8 8
3 624 272 0 8 8
3 912 272 0 8 8
3 928 272 0 8 8
3 944 272 0 8 8
3 544 280 0 8 8
3 576 280 0 8 8
3 504 296 0 8 8
3 536 296 0 8 8
3 560 296 0 8 8
3 584 296 0 8 8
3 616 296 0 8 8
3 520 312 0 8 8
3 544 312 0 8 8
3 576 312 0 8 8
3 600 312 0 8 8
3 504 328 0 8 8
3 536 328 0 8 8
3 584 328 0 8 8
3 616 328 0 8 8
0 144 368 2 16 16
3 904 384 0 8 8
3 920 384 0 8 8
3 936 384 0 8 8
0 200 480 2 16 16
4 432 496 0 64 8
4 648 504 0 72 8
4 432 624 0 64 8
4 648 632 0 72 8
4 432 752 0 64 8
4 648 760 0 72 8
6 895 250 3 64 8
6 895 200 5 64 8
6 895 100 0 64 8
6 880 25 2 8 64
6 840 25 4 8 64
6 340 25 3 8 64
6 290 25 5 8 64
6 230 25 0 8 64
6 140 100 2 96 8
6 140 160 4 96 8
6 140 650 3 96 8
6 140 710 5 96 8
6 140 785 0 96 8
6 410 850 0 8 128
6 430 780 4 64 8
6 430 650 4 64 8
6 430 520 4 64 8
6 430 430 3 64 8
6 430 390 5 64 8
6 430 340 1 64 8
6 580 220 1 8 128
6 620 220 2 8 128
6 655 470 4 64 8
6 655 600 4 64 8
6 655 730 4 64 8
6 655 820 3 64 8
6 655 850 5 64 8
6 655 880 0 64 8
6 810 900 5 8 96
6 875 900 0 8 96
6 895 860 2 64 8
6 895 810 4 64 8
16
0 388 32
0 388 48
0 388 64
0 388 80
0 164 872
0 184 920
0 216 888
0 256 856
0 440 512
0 456 512
0 472 512
0 488 512
0 680 932
0 688 968
0 724 952
0 716 904
