2 2 6
928 568 80 8
928 568 80 8
10
83
3 616 120 0 8 8
3 616 136 0 8 8
3 616 152 0 8 8
1 952 152 0 16 16
3 520 160 0 8 8
3 536 160 0 8 8
3 552 160 0 8 8
1 936 168 0 16 16
1 968 176 0 16 16
1 944 192 0 16 16
1 984 192 0 16 16
1 928 208 0 16 16
1 960 208 0 16 16
1 936 224 0 16 16
1 984 232 0 16 16
4 40 248 0 88 8
1 960 248 0 16 16
1 976 256 0 16 16
1 944 264 0 16 16
3 992 320 0 8 8
3 976 336 0 8 8
3 960 352 0 8 8
3 968 400 0 8 8
3 64 408 0 8 8
3 96 408 0 8 8
3 952 416 0 8 8
3 48 424 0 8 8
3 80 424 0 8 8
3 112 424 0 8 8
3 936 432 0 8 8
3 64 440 0 8 8
3 96 440 0 8 8
4 40 472 0 24 8
4 104 472 0 24 8
1 40 488 2 16 16
1 112 488 2 16 16
5 392 712 0 8 80
3 768 720 0 8 8
3 784 720 0 8 8
3 800 720 0 8 8
3 816 720 0 8 8
3 800 920 0 8 8
3 832 920 0 8 8
3 704 928 0 8 8
3 736 928 0 8 8
3 752 936 0 8 8
3 784 936 0 8 8
3 816 936 0 8 8
3 720 944 0 8 8
3 768 952 0 8 8
3 800 952 0 8 8
3 832 952 0 8 8
3 704 960 0 8 8
3 736 960 0 8 8
3 752 968 0 8 8
3 784 968 0 8 8
6 930 300 3 96 8
6 930 260 5 96 8
6 930 220 0 96 8
6 870 25 2 8 128
6 830 25 4 8 128
6 720 25 0 8 128
6 530 100 1 8 128
6 250 25 3 8 128
6 210 25 5 8 128
6 170 25 0 8 128
6 25 200 2 128 8
6 25 330 4 128 8
6 25 510 3 128 8
6 25 550 5 128 8
6 25 590 0 128 8
6 150 700 2 8 128
6 190 700 4 8 128
6 460 700 3 8 128
6 490 700 5 8 128
6 520 700 1 8 128
6 540 810 2 128 8
6 540 840 1 128 8
6 700 880 4 8 128
6 880 880 0 8 128
6 930 780 2 128 8
6 930 740 4 128 8
6 930 530 4 128 8

0