7 7 6
24 424 80 8
24 424 80 8
11
111
1 272 16 1 16 16
3 168 24 0 8 8
1 248 24 1 16 16
1 296 24 1 16 16
1 344 24 1 16 16
5 384 24 0 8 24
3 448 24 0 8 8
3 616 24 0 8 8
1 272 32 1 16 16
3 168 40 0 8 8
1 296 40 1 16 16
3 448 40 0 8 8
3 616 40 0 8 8
3 760 40 0 8 8
1 224 48 1 16 16
1 272 48 1 16 16
1 320 48 1 16 16
5 488 48 0 8 24
3 168 56 0 8 8
1 296 56 1 16 16
3 448 56 0 8 8
3 616 56 0 8 8
3 744 56 0 8 8
3 728 72 0 8 8
3 40 328 0 8 8
3 56 328 0 8 8
3 72 328 0 8 8
3 728 352 0 8 8
3 744 352 0 8 8
3 760 352 0 8 8
3 48 384 0 8 8
3 64 384 0 8 8
3 80 384 0 8 8
5 656 392 0 8 24
3 696 408 0 8 8
5 536 416 0 8 24
3 696 424 0 8 8
5 632 432 0 8 24
3 696 440 0 8 8
3 288 488 0 8 8
3 304 488 0 8 8
3 320 488 0 8 8
3 288 600 0 8 8
3 304 600 0 8 8
3 320 600 0 8 8
3 592 648 0 8 8
3 592 664 0 8 8
3 936 712 0 8 8
3 952 712 0 8 8
3 968 712 0 8 8
3 944 824 0 8 8
3 960 824 0 8 8
3 976 824 0 8 8
3 48 840 0 8 8
3 64 840 0 8 8
3 80 840 0 8 8
1 336 888 3 16 16
1 392 888 3 16 16
5 440 904 0 8 24
3 904 904 0 8 8
3 176 912 0 8 8
3 904 920 0 8 8
3 176 928 0 8 8
5 440 928 0 8 24
3 456 936 0 8 8
3 904 936 0 8 8
3 176 944 0 8 8
3 456 952 0 8 8
3 456 968 0 8 8
6 20 200 3 96 8
6 20 160 5 96 8
6 20 120 1 96 8
6 120 0 2 8 96
6 160 0 4 8 96
6 590 0 3 8 96
6 630 0 5 8 96
6 670 0 1 8 96
6 690 120 2 128 8
6 690 160 4 128 8
6 690 260 3 128 8
6 690 290 5 128 8
6 690 320 1 128 8
6 670 370 2 8 96
6 630 370 4 8 96
6 460 370 3 8 96
6 420 370 5 8 96
6 380 370 0 8 96
6 260 590 0 128 8
6 420 610 2 8 96
6 460 610 4 8 96
6 630 610 4 8 96
6 810 610 3 8 96
6 850 610 5 8 96
6 890 610 1 8 96
6 920 710 2 96 8
6 920 740 4 96 8
6 920 820 3 96 8
6 920 850 1 96 8
6 900 890 2 8 96
6 860 890 4 8 96
6 480 850 1 8 64
6 480 930 0 8 64
6 450 850 4 8 128
6 270 850 1 8 64
6 270 930 0 8 64
6 220 850 3 8 128
6 190 850 5 8 128
6 160 850 1 8 128
6 20 840 2 96 8
6 20 810 4 96 8
6 20 590 4 96 8
16
1 600 26
1 600 34
1 600 50
1 600 58
1 744 644
1 744 652
1 856 660
1 856 668
1 292 892
1 292 900
1 292 956
1 292 964
1 52 696
1 60 696
1 68 696
1 76 696

